1696.8
1747.3
1815.8
1848.9
1871.3
1903.1
1941.1
1944.4
1964.7
1966
1978.8
2043.8
2082.3
2098.1
2085.4
2052.5
2042.4
2044.3
2066.9
2107.8
2168.5
2204
2233.4
2245.3
2234.8
2252.5
2249.8
2286.5
2300.3
2294.6
2317
2292.5
2230.2
2243.4
2295.2
2348
2392.9
2455.8
2453.9
2462.6
2517.4
2504.8
2508.7
2476.2
2491.2
2538
2579.1
2631.8
2679.1
2708.4
2733.3
2740
2775.9
2810.6
2863.5
2885.8
2950.5
2984.8
3025.5
3033.6
3108.2
3150.2
3214.1
3291.8
3372.3
3384
3406.3
3433.7
3464.1
3464.3
3491.8
3518.2
3590.7
3651.6
3676.5
3692
3750.2
3760.9
3784.2
3766.3
3760
3767.1
3800.5
3759.8
3864.1
3885.9
3916.7
3927.9
3997.7
4092.1
4131.1
4198.7
4305.3
4355.1
4331.9
4373.3
4335.4
4347.9
4305.8
4288.9
4237.6
4268.6
4340.9
4397.8
4496.8
4530.3
4552
4584.6
4640
4731.1
4815.8
4815.3
4830.8
5021.2
5070.7
5137.4
5147.4
5152.3
5189.4
5204.7
5221.3
5115.9
5107.4
5202.1
5307.5
5266.1
5329.8
5263.4
5177.1
5204.9
5185.2
5189.8
5253.8
5372.3
5478.4
5590.5
5699.8
5797.9
5854.3
5902.4
5956.9
6007.8
6101.7
6148.6
6207.4
6232
6291.7
6323.4
6365
6435
6493.4
6606.8
6639.1
6723.5
6759.4
6848.6
6918.1
6963.5
7013.1
7030.9
7112.1
7130.3
7130.8
7076.9
7040.8
7086.5
7120.7
7154.1
7228.2
7297.9
7369.5
7450.7
7459.7
7497.5
7536
7637.4
7715.1
7815.7
7859.5
7951.6
7973.7
7988
8053.1
8112
8169.2
8303.1
8372.7
8470.6
8536.1
8665.8
8773.7
8838.4
8936.2
8995.3
9098.9
9237.1
9315.5
9392.6
9502.2
9671.1
9695.6
9847.9
9836.6
9887.7
9875.6
9905.9
9871.1
9910
9977.3
10031.6
10090.7
10095.8
10126
10212.7
10398.7
10467
10566.3
10671.5
10753.3
10822.9